"","ts1.Open","ts1.High","ts1.Low","ts1.Close"
"1",2790.5,2791,2787.75,2788.5
"2",2788.5,2789.75,2788.25,2789.75
"3",2789.75,2790.5,2789,2789.75
"4",2789.75,2790.5,2788.25,2789.5
"5",2789.5,2792.25,2788,2790.25
"6",2790.5,2792,2789.75,2791.25
"7",2791.25,2792.5,2790.75,2791.75
"8",2791.75,2791.75,2790,2790.75
"9",2790.75,2791.5,2789.25,2790.25
"10",2790.25,2791.75,2788.75,2788.75
"11",2788.75,2790,2788.25,2789
"12",2789,2789.25,2785.25,2786
"13",2786.25,2787.5,2785.5,2786
"14",2786,2788,2786,2787
"15",2787.25,2788.75,2787,2788.75
"16",2788.75,2790,2788.25,2789.25
"17",2789.25,2793,2789,2790
"18",2789.75,2790.25,2788.75,2790
"19",2790,2790.5,2788.5,2789.75
"20",2789.75,2792.5,2789.25,2791.5
"21",2791.5,2791.5,2790.75,2790.75
"22",2790.5,2790.75,2790,2790.75
"23",2790.75,2791,2789.75,2790.5
"24",2790.5,2791,2790,2790.25
"25",2790,2790.5,2789.25,2789.5
"26",2789.5,2790.75,2789.5,2790.5
"27",2790.5,2791.5,2790,2791.25
"28",2791.25,2791.25,2790,2790.75
"29",2790.75,2792.25,2790.25,2792.25
"30",2792.25,2793.75,2791.75,2793.75
"31",2793.5,2793.75,2792,2792.25
"32",2792.25,2793,2792,2792.75
"33",2792.5,2794.75,2792.5,2794
"34",2794,2794,2793,2793
"35",2793,2793,2791.5,2792.5
"36",2792.25,2792.75,2791.75,2792.25
"37",2792,2794.25,2792,2793.5
"38",2793.5,2794.75,2793.5,2794.25
"39",2794,2796.25,2793.75,2796
"40",2796,2798.5,2795.75,2798.25
"41",2798.25,2798.25,2796.5,2797.5
"42",2797.5,2798,2796.5,2798
"43",2798,2799,2797,2797.25
"44",2797.25,2798.5,2796.5,2796.75
"45",2797,2798.25,2796.75,2797.25
"46",2797.25,2797.25,2794.75,2795.75
"47",2795.75,2796.75,2795.25,2796.25
"48",2796.25,2796.25,2794.5,2795.75
"49",2795.75,2796.25,2794.25,2794.5
"50",2794.25,2795.5,2793.75,2795.25
"51",2795.25,2795.75,2794.5,2795.25
"52",2795.5,2795.75,2794.5,2795.75
"53",2795.75,2796.5,2793.5,2793.5
"54",2793.75,2794,2792,2792.75
"55",2793,2794,2793,2793.25
"56",2793.25,2793.75,2790.75,2792.25
"57",2792,2793.25,2791.5,2792.75
"58",2792.75,2795.25,2792.5,2794.25
"59",2794.25,2795.75,2794.25,2795.5
"60",2795.5,2796.5,2794.5,2794.5
"61",2794.75,2795.25,2792,2795
"62",2794.75,2794.75,2793.5,2794
"63",2794,2795.25,2789.5,2790.25
"64",2790,2791.75,2783.25,2784.5
"65",2784.75,2793.5,2784.5,2790
"66",2789.75,2790.5,2785,2789.25
"67",2789.5,2791.75,2784.5,2789.75
"68",2789.5,2790.75,2785.25,2788
"69",2788.25,2791,2786,2791
"70",2791,2793.5,2790.5,2792.25
"71",2792.25,2796,2791.25,2795.5
"72",2795.25,2796,2790.25,2791
"73",2791,2793,2790.25,2792
"74",2792,2793.25,2789.75,2791.5
"75",2791.25,2792,2789.75,2790.25
"76",2790.5,2791.75,2790,2791.5
"77",2791.5,2794,2791.25,2793.5
"78",2793.5,2795.25,2791.25,2791.25
"79",2791.25,2792,2788.5,2790
"80",2790,2791,2787.75,2790.5
"81",2790.5,2793,2789.75,2791.75
"82",2791.75,2793.75,2791.5,2792.75
"83",2792.75,2794.5,2791.75,2792.75
"84",2793,2795.25,2792.75,2795.25
"85",2795,2796,2792.75,2793
"86",2793,2794.75,2791.75,2793.5
"87",2793.5,2793.75,2791.75,2793.25
"88",2793,2796.75,2793,2795
"89",2794.75,2794.75,2789,2790.25
"90",2790,2792,2790,2791.5
"91",2791.25,2791.25,2790.5,2791
"92",2791.25,2791.5,2790.25,2790.25
"93",2790.5,2790.5,2788.25,2788.75
"94",2786.5,2787,2784.5,2786.5
"95",2786.75,2787.75,2786.25,2787.5
"96",2787.5,2788.5,2787,2787.25
"97",2787.5,2787.75,2785.75,2786.75
"98",2786.75,2787,2784.5,2785.25
"99",2785,2786.5,2784.75,2786.5
"100",2786.25,2786.5,2784,2784.75
"101",2784.75,2785.75,2784.25,2785
"102",2785,2786,2784.5,2785
"103",2785,2785,2783.75,2784.25
"104",2784.25,2785.5,2782.25,2785.25
"105",2785,2787,2784.5,2785.75
"106",2786,2786,2784.25,2784.5
"107",2784.25,2785.75,2784.25,2785.5
"108",2785.25,2788,2785,2787.75
"109",2787.75,2787.75,2784.25,2784.5
"110",2784.5,2785,2783.75,2785
"111",2785,2785.5,2784.75,2785.25
"112",2785.25,2785.75,2784.75,2784.75
"113",2784.75,2785,2783.25,2783.5
"114",2783.5,2783.5,2781.5,2782.5
"115",2782.5,2783.25,2782.25,2782.75
"116",2782.5,2783.5,2782.5,2783.5
"117",2783.5,2783.75,2783,2783.25
"118",2783.25,2784.5,2783.25,2784
"119",2783.75,2785.25,2783.5,2785
"120",2785,2785.75,2784.75,2785.75
"121",2785.75,2785.75,2785,2785.25
"122",2785,2785,2783.5,2783.5
"123",2783.5,2784.25,2783,2784
"124",2784,2785,2783.25,2785
"125",2785.25,2787,2785,2786.75
"126",2786.5,2787,2785.25,2785.5
"127",2785.5,2786.5,2785.25,2785.5
"128",2785.25,2786,2784.75,2786
"129",2786,2787,2786,2786
"130",2786.25,2788.25,2785.25,2787.5
"131",2787.5,2789,2786.5,2786.5
"132",2786.75,2787,2785.5,2787
"133",2786.75,2787.5,2786,2786.5
"134",2786.5,2786.5,2785.25,2786
"135",2786,2788,2785.5,2787.5
"136",2787.75,2788.25,2787,2788
"137",2788,2788,2786.5,2787
"138",2786.75,2787,2785.5,2786.25
"139",2786.25,2786.75,2785.75,2786.75
"140",2786.75,2787.5,2786.5,2787
"141",2787,2787.5,2786.5,2787
"142",2787,2788,2786.75,2787.75
"143",2788,2788.75,2787.75,2788.5
"144",2788.5,2788.75,2787.25,2787.5
"145",2787.75,2788,2787.25,2787.5
"146",2787.25,2788.75,2787.25,2787.5
"147",2787.5,2787.75,2786.25,2786.75
"148",2786.5,2786.75,2786,2786.5
"149",2786.75,2787,2785.25,2785.5
"150",2785.25,2786,2784.75,2785.25
"151",2785.25,2786.5,2785.25,2786.25
"152",2786.25,2789.5,2784.25,2788
"153",2788,2790,2787.75,2788.5
"154",2788.25,2791,2787.5,2790
"155",2790,2792.75,2790,2790.75
"156",2791,2791.5,2786.75,2788
"157",2788,2788.25,2781.25,2782.75
"158",2783,2786.5,2782,2786.25
"159",2786.25,2786.5,2780.25,2780.5
"160",2780.5,2781.75,2775.5,2777.75
"161",2777.75,2780,2776,2779.75
"162",2779.75,2783.75,2779.25,2783.25
"163",2783.25,2784.25,2779.25,2779.25
"164",2779.25,2780.75,2777.75,2778.25
"165",2778,2779,2772.25,2774
"166",2774,2780.25,2773,2779.5
"167",2779.25,2779.5,2773.25,2773.25
"168",2773.5,2777,2772,2775.25
"169",2775,2776,2771.25,2771.5
"170",2771.5,2772.5,2769.5,2770
"171",2770,2773.25,2769.5,2770.25
"172",2770,2776.25,2769.5,2776
"173",2776,2776.5,2771.75,2774.75
"174",2774.5,2778.25,2774.5,2776
"175",2776,2778.75,2775.75,2778
"176",2778,2778.5,2773.25,2774.75
"177",2774.75,2776,2773,2775
"178",2775.25,2777,2772.5,2773.25
"179",2773.25,2773.75,2769.25,2771
"180",2771,2774.5,2768.5,2773.75
"181",2773.75,2776,2772,2773
"182",2773,2774.5,2771.5,2772
"183",2772.25,2773,2770.75,2771.25
"184",2770.75,2771.5,2770,2770.75
"185",2770.5,2772,2770,2772
"186",2772,2772,2770.75,2771
"187",2770.5,2771.5,2769.5,2770.5
"188",2770.5,2770.75,2769.5,2770.25
"189",2770.25,2771.5,2770.25,2771.5
"190",2771.5,2771.5,2770,2770.5
"191",2770.5,2770.5,2766.25,2766.5
"192",2766.5,2767.75,2765.5,2767
"193",2767,2767.75,2765.5,2767.5
"194",2767.5,2768.25,2766.5,2766.5
"195",2766.75,2768,2766,2767.75
"196",2767.5,2769.25,2767.5,2767.75
"197",2768,2769,2766.75,2766.75
"198",2766.75,2768.5,2766,2767
"199",2767,2768.75,2766.5,2768.5
"200",2768.5,2770,2768.25,2769.25
"201",2769.5,2769.5,2768.25,2768.25
"202",2768.25,2768.5,2767.25,2768.25
"203",2768,2768.75,2766.25,2766.75
"204",2766.75,2769,2766.75,2768.5
"205",2768.5,2768.75,2767.5,2767.5
"206",2767.75,2767.75,2767,2767.5
"207",2767.5,2768,2767.25,2767.25
"208",2767.5,2768,2767.25,2767.5
"209",2767.5,2767.75,2766.5,2766.5
"210",2766.75,2767,2766.25,2767
"211",2766.75,2767,2765.5,2765.75
"212",2766,2766.25,2765.75,2766
"213",2766,2766.25,2765.25,2765.5
"214",2765.5,2766.5,2765.5,2766
"215",2766.25,2766.5,2765.25,2766.25
"216",2766.25,2766.25,2765.5,2765.5
"217",2765.75,2766.5,2765.75,2766.5
"218",2766.25,2766.5,2765.25,2765.75
"219",2765.5,2766,2763.25,2763.75
"220",2764,2764.5,2762.5,2762.75
"221",2762.75,2763,2761.5,2762
"222",2762,2763.5,2762,2763.5
"223",2763.5,2764.25,2763,2764.25
"224",2764.25,2765,2763.25,2764
"225",2764,2764,2762.5,2763.25
"226",2763.25,2764.5,2763.25,2763.75
"227",2764,2765.25,2763.75,2765
"228",2764.75,2765.25,2764,2764.75
"229",2764.5,2765.5,2764.25,2765
"230",2765,2765.25,2764.25,2764.5
"231",2764.25,2766,2764.25,2765.25
"232",2765,2765.5,2763.5,2764.5
"233",2764.75,2765.25,2764.25,2764.75
"234",2764.5,2765.5,2764.25,2765
"235",2765,2766,2765,2765.5
"236",2765.5,2766,2764.5,2765.75
"237",2765.75,2766.5,2765.5,2766
"238",2766,2766.25,2763.5,2764.5
"239",2764.5,2766.75,2764,2766.75
"240",2766.5,2768,2766.5,2767
"241",2767,2767.25,2766.5,2767
"242",2767,2770.25,2766.75,2768.75
"243",2768.75,2775.25,2768.5,2775.25
"244",2775.25,2775.5,2772.75,2774.5
"245",2774.75,2776.25,2772.75,2774.75
"246",2774.75,2776.25,2768.75,2769.25
"247",2769.25,2771.75,2768.25,2770.25
"248",2770.25,2770.5,2766.25,2766.5
"249",2766.25,2767.75,2758.75,2759.5
"250",2759.5,2761.25,2745.25,2748.5
"251",2748.5,2751.75,2746.75,2748.75
"252",2748.75,2749.75,2741.75,2745.75
"253",2745.75,2751.25,2745.25,2748.5
"254",2748.5,2751.75,2744.5,2751.5
"255",2751.5,2753,2746.75,2749.5
"256",2749.5,2751.5,2746.25,2748.5
"257",2748.5,2756.75,2748.5,2755.25
"258",2755.25,2757,2752.75,2752.75
"259",2752.75,2755.25,2750.75,2753.75
"260",2753.75,2755.25,2751,2752.5
"261",2752.25,2756.75,2748.75,2755
"262",2754.75,2760.75,2754.75,2760.5
"263",2760.25,2761.25,2756.75,2758
"264",2757.75,2759.75,2756.25,2756.75
"265",2756.5,2757.5,2752.75,2754
"266",2754,2757.75,2753.75,2754.5
"267",2754.5,2755.25,2750.25,2751
"268",2751.25,2751.5,2747,2748.75
"269",2748.75,2750.5,2744.5,2745.25
"270",2745.25,2746.75,2740.5,2743
"271",2743,2744.5,2738.5,2742.5
"272",2742.5,2746.25,2741,2745.25
"273",2745.25,2748.5,2741.75,2748.25
"274",2748,2748.25,2742.25,2744.25
"275",2744.5,2751.25,2744.5,2749.75
"276",2749.75,2751.25,2749,2750
"277",2749.75,2750.75,2749.25,2750.5
"278",2750.25,2750.75,2749,2750.5
"279",2750.75,2750.75,2749.5,2749.5
"280",2749,2749.5,2748,2749
"281",2748.75,2749,2748.75,2749
"282",2749,2749.5,2748.75,2749.5
"283",2749.5,2751,2749.25,2750.75
"284",2750.75,2751.5,2747.5,2747.5
"285",2747.5,2750.5,2747.5,2750
"286",2749.75,2750,2748.75,2749.25
"287",2749.25,2749.25,2746.75,2746.75
"288",2747,2747.25,2744,2744.75
"289",2744.75,2746.25,2744.5,2746
"290",2746,2747.25,2743.25,2747.25
"291",2747,2748,2746.5,2748
"292",2747.75,2748.25,2746,2747.25
"293",2747.25,2748.5,2747,2748.5
"294",2748.5,2750,2748.25,2749.75
"295",2750,2750.5,2748.75,2749
"296",2749,2749.25,2747.5,2747.5
"297",2747.25,2749.25,2745.25,2747
"298",2746.75,2747.75,2745.75,2745.75
"299",2745.75,2746.5,2745.75,2746.25
"300",2746.25,2746.5,2744.5,2745.25
"301",2745,2745,2743.25,2743.75
"302",2743.75,2744,2742.25,2744
"303",2744,2744.75,2743.75,2743.75
"304",2743.75,2745,2743,2744.25
"305",2744.25,2744.5,2743,2743.25
"306",2743.25,2743.5,2741.5,2741.5
"307",2741.75,2742.75,2741.5,2742.5
"308",2742.75,2743.5,2741.75,2742.25
"309",2742.25,2742.25,2739.25,2740.75
"310",2740.75,2740.75,2738.75,2740.25
"311",2740.25,2740.5,2739.75,2740.25
"312",2740.25,2741,2739.25,2739.25
"313",2739.5,2739.5,2736.75,2738
"314",2738,2738.75,2737,2738.5
"315",2738.5,2738.5,2736.5,2737.75
"316",2737.75,2741,2736,2740.25
"317",2740.25,2741.75,2738.75,2741
"318",2740.75,2742.75,2740.25,2740.75
"319",2741,2741.5,2739.5,2740.75
"320",2740.75,2742,2738,2741.75
"321",2741.75,2742.5,2740.25,2741.25
"322",2741.25,2742,2740,2740
"323",2740,2740.25,2738,2739
"324",2738.75,2739.25,2736.5,2736.75
"325",2736.75,2738,2734.75,2737.25
"326",2737.25,2739.25,2735.75,2739
"327",2739,2740.5,2738.5,2740
"328",2740,2740,2737.75,2739.5
"329",2739.25,2739.75,2738.25,2739
"330",2739,2740.25,2738,2740
"331",2740,2740.25,2736.75,2737
"332",2737,2739.25,2736.25,2738.75
"333",2738.75,2739.25,2738,2738.25
"334",2738,2739,2736.75,2737
"335",2737,2738.5,2736.5,2736.75
"336",2736.75,2737.5,2735.25,2735.5
"337",2735.5,2737.25,2735.25,2737
"338",2736.75,2740,2726,2730
"339",2730,2731.5,2727.25,2729.25
"340",2729.25,2730.25,2722.75,2724.75
"341",2724.75,2727.5,2724,2727
"342",2727,2729.25,2723.25,2729
"343",2728.75,2732.5,2725,2729.25
"344",2729.25,2731,2722,2726
"345",2726,2729.5,2723.75,2725.75
"346",2725.75,2730.5,2725.25,2726.5
"347",2726.75,2737,2725,2732
"348",2732,2733.5,2727.75,2729.25
"349",2729.5,2733.5,2727.75,2732.25
"350",2732.25,2736.5,2731.5,2731.75
"351",2731.75,2735.25,2731,2733.25
"352",2733.25,2733.5,2727.25,2727.5
"353",2727.5,2730,2726.5,2726.75
"354",2726.75,2730,2726.5,2727
"355",2727,2728.25,2723,2723.75
"356",2723.75,2724.75,2722.75,2723.25
"357",2723.25,2726.5,2722.75,2724.25
"358",2724.25,2727.25,2723.5,2727
"359",2727.25,2729.5,2727,2728
"360",2728,2728.5,2725.5,2727.5
"361",2727.75,2731.25,2727,2731
"362",2731,2732.75,2730.5,2732
"363",2732,2739.75,2732,2738.5
"364",2738.5,2739,2735,2737
"365",2736.75,2737,2731.25,2731.5
"366",2731.5,2736.25,2730.75,2733.25
"367",2733.25,2742.5,2733,2741.25
"368",2741,2747.5,2740.5,2747.25
"369",2747,2747.5,2745.75,2747.25
"370",2747.25,2748.25,2747,2748
"371",2748,2748.75,2747.25,2748.25
"372",2748,2748.75,2748,2748.75
"373",2745.5,2746,2742.5,2745.75
"374",2746,2746.25,2742.5,2744
"375",2744,2744,2742.5,2743.25
"376",2743.5,2744.75,2743.25,2744
"377",2744,2745.5,2743.75,2744.5
"378",2744.25,2747.75,2743.75,2747
"379",2747,2748.25,2744,2744.25
"380",2744.5,2745.25,2743.75,2744
"381",2744,2745,2742.5,2744.5
"382",2744.5,2745,2740.5,2741.5
"383",2741.25,2741.5,2738.5,2739.25
"384",2739.25,2739.75,2737.25,2739
"385",2739,2739.75,2736.75,2739
"386",2739,2742.75,2739,2742.5
"387",2742.5,2744.25,2742,2743.5
"388",2743.75,2746.5,2742.75,2745.75
"389",2745.75,2748,2745.25,2745.25
"390",2745.25,2746.25,2744.5,2746
"391",2746.25,2746.25,2745,2745.5
"392",2745.75,2746,2745,2745.75
"393",2745.75,2747.75,2745.25,2747.5
"394",2747.5,2748.75,2747,2747.25
"395",2747,2748.5,2746.75,2748
"396",2747.75,2748,2746.75,2747.25
"397",2747.25,2751,2747.25,2749
"398",2749,2749.25,2748.75,2748.75
"399",2748.75,2749,2748.25,2748.75
"400",2748.75,2748.75,2748,2748
"401",2748.25,2749,2747.75,2748.75
"402",2749,2749,2747,2747.25
"403",2747.25,2747.5,2746.5,2746.75
"404",2746.75,2747.25,2746.25,2746.75
"405",2746.75,2747.5,2746.75,2747
"406",2747,2747.75,2746.5,2747.75
"407",2748,2748.5,2747.5,2747.5
"408",2747.5,2748.75,2747.5,2748.75
"409",2748.5,2749.75,2748.25,2748.5
"410",2748.5,2752,2748.5,2750.75
"411",2750.5,2751.75,2750.25,2751.75
"412",2751.75,2753.5,2751.25,2752.75
"413",2752.5,2753,2751,2751.5
"414",2751.25,2751.5,2749.25,2750.25
"415",2750.25,2750.25,2749,2749
"416",2749.25,2749.5,2747.5,2748
"417",2747.75,2748.25,2746.75,2747.5
"418",2747.25,2748.25,2746.5,2748
"419",2748,2749.5,2748,2749.5
"420",2749.5,2749.75,2748.5,2749.5
"421",2749.75,2750.75,2749.5,2749.75
"422",2749.5,2750.5,2749,2750.25
"423",2750.25,2750.75,2749,2749
"424",2749,2750.5,2748.25,2750
"425",2749.75,2751,2749,2749.25
"426",2749.25,2749.5,2749,2749
"427",2749,2752.75,2749,2752.5
"428",2752.5,2753,2751.25,2751.25
"429",2751.25,2752,2749.75,2749.75
"430",2749.75,2750.25,2749,2749.25
"431",2749.25,2754.5,2749.25,2753.5
"432",2753.5,2755.25,2752.75,2753.75
"433",2753.75,2754.25,2752.75,2753.25
"434",2753.25,2754,2751,2751.25
"435",2751.25,2757,2750,2757
"436",2756.75,2760.25,2756.25,2760
"437",2760,2763,2759.5,2761.75
"438",2761.75,2766,2761.75,2764.25
"439",2764.25,2766.25,2763.75,2766
"440",2766,2770.75,2765.75,2769.75
"441",2769.5,2773,2768.75,2772.5
"442",2772.5,2773.75,2771.5,2772.75
"443",2773,2775.25,2771.5,2774
"444",2774.25,2775.5,2772,2774.25
"445",2774.25,2777.75,2774.25,2776.75
"446",2776.75,2776.75,2773.5,2774.5
"447",2774.5,2775.75,2774,2775
"448",2775,2776.5,2774,2774.25
"449",2774.25,2776.5,2774,2776
"450",2776.25,2779.25,2776,2777.75
"451",2777.75,2780.5,2777.5,2779.75
"452",2779.5,2780,2777.75,2778.75
"453",2778.5,2780.25,2778.25,2778.5
"454",2778.5,2779.75,2777.5,2779
"455",2779,2781.5,2778.5,2780.5
"456",2780.75,2780.75,2777.75,2778.5
"457",2778.5,2780.75,2777.75,2780.25
"458",2780.5,2783.25,2780,2783
"459",2782.75,2784.25,2780,2782.75
"460",2782.75,2783.75,2781.25,2781.75
"461",2782,2784,2781.25,2783.75
"462",2783.75,2784.75,2783.25,2784.25
"463",2784.5,2787.5,2784.5,2786.75
"464",2786.75,2787.25,2786.25,2786.75
"465",2786.5,2786.75,2785.75,2786
"466",2784.75,2786.75,2784.25,2785.25
"467",2785.5,2787,2785.25,2787
"468",2786.75,2787,2785.5,2785.5
"469",2785.75,2790,2785.75,2790
"470",2790,2794,2789.75,2792.75
"471",2792.5,2793.5,2791,2792.25
"472",2792.25,2792.25,2791.5,2792
"473",2792,2792.25,2791.75,2792
"474",2792,2792.75,2790.5,2791.5
"475",2791.75,2793,2790.25,2790.5
"476",2790.5,2791,2789.5,2790
"477",2790,2791,2789.5,2791
"478",2790.75,2791.75,2790.5,2790.75
"479",2790.75,2791.75,2790.5,2791
"480",2791,2791.75,2790.5,2791.5
"481",2791.75,2792,2791.5,2792
"482",2791.75,2792.75,2791.75,2792.5
"483",2792.5,2793,2791.75,2792.25
"484",2792.25,2793.5,2792.25,2792.75
"485",2792.75,2792.75,2792.25,2792.75
"486",2792.75,2793,2792.25,2792.5
"487",2792.75,2792.75,2791.25,2791.75
"488",2791.75,2792.5,2791.25,2792
"489",2792.25,2792.25,2791.75,2792
"490",2792,2792.5,2791.75,2792.25
"491",2792.25,2792.5,2792,2792.25
"492",2792.25,2792.25,2791.25,2791.25
"493",2791.5,2791.5,2791,2791.5
"494",2791.25,2792.25,2791,2791
"495",2791,2791.25,2790,2790.5
"496",2790.75,2791,2790,2790.75
"497",2790.5,2790.75,2789.5,2789.75
"498",2789.5,2790.5,2789.5,2790.25
"499",2790.25,2790.5,2789.5,2789.75
"500",2789.75,2789.75,2788,2788.75
"501",2788.75,2790,2788.5,2790
"502",2789.75,2790.5,2789.75,2790
"503",2790,2791,2790,2790.75
"504",2791,2791.25,2790.25,2791.25
"505",2791.25,2791.5,2790.5,2791
"506",2791,2792,2789,2789.25
"507",2789.25,2789.75,2788.25,2788.25
"508",2788.5,2789.25,2786.75,2787
"509",2787.25,2787.75,2786.5,2787.25
"510",2787,2790.25,2787,2790.25
"511",2790.25,2790.75,2789.5,2789.75
"512",2789.5,2791,2789,2790.75
"513",2790.5,2790.5,2787.5,2787.5
"514",2787.5,2787.75,2784.75,2785
"515",2785,2786.25,2785,2786
"516",2786,2786.25,2784.75,2786.25
"517",2786,2786.5,2784.75,2785
"518",2785,2786,2780.5,2781.75
"519",2782,2783,2780.5,2781.25
"520",2781.5,2783.25,2780.75,2782.5
"521",2782.5,2783,2781.5,2782.25
"522",2782.25,2784.5,2781.75,2783.5
"523",2783.5,2784.5,2782.75,2784
"524",2784,2789.5,2783,2788.25
"525",2788.25,2790.75,2788,2789
"526",2789,2789.75,2787.25,2787.5
"527",2787.5,2788.25,2785.75,2788
"528",2787.75,2789,2787,2787.75
